0
90
90
91
93
97
100
100
100
100
100
100
100
100
100
100
100
100
100
100
100
100
100
100
100
100
100
100
100
100
100
100
100
100
100
100
100
100
100
100
100
100
100
100
100
100
100
100
100
100
100
100
100
100
100
100
100
100
97
94
93
94
97
100
100
100
100
100
100
100
100
100
100
100
100
98
99
100
100
100
100
100
100
100
100
100
100
100
97
93
89
87
86
87
89
92
95
98
100
100
100
100
98
96
92
88
84
80
77
76
76
77
79
80
80
80
79
77
76
74
72
70
68
67
67
68
70
72
73
74
74
74
73
72
69
67
64
62
61
61
62
62
62
62
62
61
60
58
56
54
53
52
52
53
53
54
54
54
54
53
51
50
49
49
50
51
52
53
53
53
53
51
50
48
47
47
48
49
51
52
53
54
54
54
54
54
53
52
51
50
49
48
47
46
45
45
45
46
47
48
49
49
49
49
48
47
47
46
45
45
45
45
45
46
46
46
46
46
46
45
45
44
43
43
42
42
43
44
46
48
49
50
50
50
50
49
48
47
45
44
43
42
42
42
43
45
46
47
48
48
48
48
48
48
48
49
49
50
50
50
49
49
48
48
47
46
45
44
44
43
42
41
41
40
40
41
42
44
46
47
48
48
49
49
49
48
48
47
46
46
46
47
48
50
52
54
55
56
57
58
58
58
57
56
55
53
51
49
47
45
43
42
41
41
41
42
43
44
45
45
46
45
45
45
44
44
43
43
43
43
43
44
45
46
46
47
48
48
49
48
48
48
47
47
46
46
46
46
46
45
45
45
44
44
43
42
41
40
40
40
40
41
42
43
44
45
45
46
45
45
45
44
44
43
42
42
41
40
39
39
38
38
39
39
40
40
40
41
41
41
41
40
40
40
39
40
40
42
44
48
51
55
57
59
59
58
57
55
54
52
50
49
47
46
45
43
42
41
40
40
40
41
42
43
44
45
47
47
48
49
50
50
51
51
52
52
53
53
53
54
54
54
54
54
55
55
55
55
55
56
56
56
56
55
55
55
54
54
54
54
54
54
54
53
53
53
53
53
53
53
53
53
53
53
53
53
52
52
52
51
51
50
50
49
49
48
48
48
47
46
45
45
45
46
47
47
48
49
49
49
50
50
50
50
50
50
51
51
51
52
52
52
52
51
50
50
50
50
50
51
53
54
57
60
63
66
70
73
75
76
76
76
76
75
76
76
78
79
79
79
79
77
76
75
74
74
75
75
76
75
75
75
76
79
82
86
88
90
91
92
92
92
91
88
85
81
77
74
71
70
69
69
69
70
71
72
73
73
74
74
74
75
75
75
75
74
74
74
74
74
74
75
76
77
78
79
79
79
78
78
78
79
81
83
85
87
89
92
93
95
95
95
94
93
91
89
87
85
84
83
84
85
86
89
91
94
96
97
98
97
95
92
89
86
84
82
80
80
82
84
87
89
91
91
90
89
88
87
85
84
83
81
79
78
77
77
78
80
81
81
81
80
79
76
74
71
68
66
64
65
66
70
74
79
84
89
93
96
99
100
100
100
100
100
100
100
100
100
100
100
100
100
100
100
100
100
100
100
100
100
100
100
100
100
100
100
100
100
99
97
95
94
93
91
90
89
88
88
88
89
91
94
97
99
100
100
100
100
100
100
100
100
100
100
100
100
100
100
100
100
100
100
100
100
100
100
100
99
98
97
96
96
95
94
94
93
94
94
95
96
97
98
98
98
97
96
95
94
93
91
90
89
87
86
85
84
83
82
82
82
82
82
83
84
84
85
85
85
85
85
84
83
82
81
80
80
80
80
81
81
82
82
82
82
82
81
80
80
80
81
82
84
85
87
89
89
89
88
87
86
84
83
82
81
80
80
80
80
80
81
81
81
80
80
79
78
77
76
76
75
75
75
75
76
77
79
79
